 
 Re		=	   41.0000000000000     
 x0		=	  -2.00000000000000     
 xl		=	   4.00000000000000     
 y0		=	  -2.00000000000000     
 yl		=	   4.00000000000000     
 z0		=	  -16.0000000000000     
 zl		=	   32.0000000000000     
 
 nx		=	          65
 ny     	=                 65
 nz             =                513
 ms		=	           1
 ns1     	=                 32
 ns2            =                 64
 dx     	=         6.250000000000100E-002
 dy     	=         6.250000000000100E-002
 dz             =         6.250000000000100E-002
 dalfa10	=         0.196349540849362     
 dalfa11        =         9.519977738150888E-002
 dalfa20        =         9.817477042468103E-002
 
 icfl           =                  1
 cflc           =         0.200000000000000     
 cflv           =         0.200000000000000     
 nstart		=	           1
 nend		=	       10000
 nstep  	=              10000
 tstart		=	  0.000000000000000E+000
 tend		=	   19.9999999999998     
 dtcfl		=	  2.000000000000000E-003
 dtfix          =         5.000000000000000E-002
 
 isingular     	=                  1
 imove		=                  1
 
 total time     =          34.9176822916667       hours
 -- beginning time --
 Date: 20100325
 Time: 18:25:07
 -- ending time --
 Date: 20100326
 Time: 12:00:53
